allowed orientation symmetry
LAYER H V H V H V 
LAYERPITCH 560 620 560 620 560 2400 
  _inst_term_layer_ 0 data_array
	DO0 3 PGPtL 1 2 3 4
	DO1 3 PtL 1 2 3 4
	DO2 3 PtL 1 2 3 4
	DO3 3 PtL 1 2 3 4
	DO4 3 PtL 1 2 3 4
	DO5 3 PtL 1 2 3 4
	DO6 3 PtL 1 2 3 4
	DO7 3 PtL 1 2 3 4
	DO8 3 PtL 1 2 3 4
	DO9 3 PtL 1 2 3 4
	DO10 3 PtL 1 2 3 4
	DO11 3 PtL 1 2 3 4
	DO12 3 PtL 1 2 3 4
	DO13 3 PtL 1 2 3 4
	DO14 3 PtL 1 2 3 4
	DO15 3 PtL 1 2 3 4
	DO16 3 PtL 1 2 3 4
	DO17 3 PtL 1 2 3 4
	DO18 3 PtL 1 2 3 4
	DO19 3 PtL 1 2 3 4
	DO20 3 PtL 1 2 3 4
	DO21 3 PtL 1 2 3 4
	DO22 3 PtL 1 2 3 4
	DO23 3 PtL 1 2 3 4
	DO24 3 PtL 1 2 3 4
	DO25 3 PtL 1 2 3 4
	DO26 3 PtL 1 2 3 4
	DO27 3 PtL 1 2 3 4
	DO28 3 PtL 1 2 3 4
	DO29 3 PtL 1 2 3 4
	DO30 3 PtL 1 2 3 4
	DO31 3 PtL 1 2 3 4
	DO32 3 PtL 1 2 3 4
	DO33 3 PtL 1 2 3 4
	DO34 3 PtL 1 2 3 4
	DO35 3 PtL 1 2 3 4
	DO36 3 PtL 1 2 3 4
	DO37 3 PtL 1 2 3 4
	DO38 3 PtL 1 2 3 4
	DO39 3 PtL 1 2 3 4
	DO40 3 PtL 1 2 3 4
	DO41 3 PtL 1 2 3 4
	DO42 3 PtL 1 2 3 4
	DO43 3 PtL 1 2 3 4
	DO44 3 PtL 1 2 3 4
	DO45 3 PtL 1 2 3 4
	DO46 3 PtL 1 2 3 4
	DO47 3 PtL 1 2 3 4
	DO48 3 PtL 1 2 3 4
	DO49 3 PtL 1 2 3 4
	DO50 3 PtL 1 2 3 4
	DO51 3 PtL 1 2 3 4
	DO52 3 PtL 1 2 3 4
	DO53 3 PtL 1 2 3 4
	DO54 3 PtL 1 2 3 4
	DO55 3 PtL 1 2 3 4
	DO56 3 PtL 1 2 3 4
	DO57 3 PtL 1 2 3 4
	DO58 3 PtL 1 2 3 4
	DO59 3 PtL 1 2 3 4
	DO60 3 PtL 1 2 3 4
	DO61 3 PtL 1 2 3 4
	DO62 3 PtL 1 2 3 4
	DO63 3 PtL 1 2 3 4
	DO64 3 PtL 1 2 3 4
	DO65 3 PtL 1 2 3 4
	DO66 3 PtL 1 2 3 4
	DO67 3 PtL 1 2 3 4
	DO68 3 PtL 1 2 3 4
	DO69 3 PtL 1 2 3 4
	DO70 3 PtL 1 2 3 4
	DO71 3 PtL 1 2 3 4
	DO72 3 PtL 1 2 3 4
	DO73 3 PtL 1 2 3 4
	DO74 3 PtL 1 2 3 4
	DO75 3 PtL 1 2 3 4
	DO76 3 PtL 1 2 3 4
	DO77 3 PtL 1 2 3 4
	DO78 3 PtL 1 2 3 4
	DO79 3 PtL 1 2 3 4
	DO80 3 PtL 1 2 3 4
	DO81 3 PtL 1 2 3 4
	DO82 3 PtL 1 2 3 4
	DO83 3 PtL 1 2 3 4
	DO84 3 PtL 1 2 3 4
	DO85 3 PtL 1 2 3 4
	DO86 3 PtL 1 2 3 4
	DO87 3 PtL 1 2 3 4
	DO88 3 PtL 1 2 3 4
	DO89 3 PtL 1 2 3 4
	DO90 3 PtL 1 2 3 4
	DO91 3 PtL 1 2 3 4
	DO92 3 PtL 1 2 3 4
	DO93 3 PtL 1 2 3 4
	DO94 3 PtL 1 2 3 4
	DO95 3 PtL 1 2 3 4
	DO96 3 PtL 1 2 3 4
	DO97 3 PtL 1 2 3 4
	DO98 3 PtL 1 2 3 4
	DO99 3 PtL 1 2 3 4
	DO100 3 PtL 1 2 3 4
	DO101 3 PtL 1 2 3 4
	DO102 3 PtL 1 2 3 4
	DO103 3 PtL 1 2 3 4
	DO104 3 PtL 1 2 3 4
	DO105 3 PtL 1 2 3 4
	DO106 3 PtL 1 2 3 4
	DO107 3 PtL 1 2 3 4
	DO108 3 PtL 1 2 3 4
	DO109 3 PtL 1 2 3 4
	DO110 3 PtL 1 2 3 4
	DO111 3 PtL 1 2 3 4
	DO112 3 PtL 1 2 3 4
	DO113 3 PtL 1 2 3 4
	DO114 3 PtL 1 2 3 4
	DO115 3 PtL 1 2 3 4
	DO116 3 PtL 1 2 3 4
	DO117 3 PtL 1 2 3 4
	DO118 3 PtL 1 2 3 4
	DO119 3 PtL 1 2 3 4
	DO120 3 PtL 1 2 3 4
	DO121 3 PtL 1 2 3 4
	DO122 3 PtL 1 2 3 4
	DO123 3 PtL 1 2 3 4
	DO124 3 PtL 1 2 3 4
	DO125 3 PtL 1 2 3 4
	DO126 3 PtL 1 2 3 4
	DO127 3 PtL 1 2 3 4
	A0 4 PtL 1 2 3 4
	A1 4 PtL 1 2 3 4
	A2 4 PtL 1 2 3 4
	A3 4 PtL 1 2 3 4
	A4 4 PtL 1 2 3 4
	A5 4 PtL 1 2 3 4
	DI0 4 PtL 1 2 3 4
	DI1 4 PtL 1 2 3 4
	DI2 4 PtL 1 2 3 4
	DI3 4 PtL 1 2 3 4
	DI4 4 PtL 1 2 3 4
	DI5 4 PtL 1 2 3 4
	DI6 4 PtL 1 2 3 4
	DI7 4 PtL 1 2 3 4
	DI8 4 PtL 1 2 3 4
	DI9 4 PtL 1 2 3 4
	DI10 4 PtL 1 2 3 4
	DI11 4 PtL 1 2 3 4
	DI12 4 PtL 1 2 3 4
	DI13 4 PtL 1 2 3 4
	DI14 4 PtL 1 2 3 4
	DI15 4 PtL 1 2 3 4
	DI16 4 PtL 1 2 3 4
	DI17 4 PtL 1 2 3 4
	DI18 4 PtL 1 2 3 4
	DI19 4 PtL 1 2 3 4
	DI20 4 PtL 1 2 3 4
	DI21 4 PtL 1 2 3 4
	DI22 4 PtL 1 2 3 4
	DI23 4 PtL 1 2 3 4
	DI24 4 PtL 1 2 3 4
	DI25 4 PtL 1 2 3 4
	DI26 4 PtL 1 2 3 4
	DI27 4 PtL 1 2 3 4
	DI28 4 PtL 1 2 3 4
	DI29 4 PtL 1 2 3 4
	DI30 4 PtL 1 2 3 4
	DI31 4 PtL 1 2 3 4
	DI32 4 PtL 1 2 3 4
	DI33 4 PtL 1 2 3 4
	DI34 4 PtL 1 2 3 4
	DI35 4 PtL 1 2 3 4
	DI36 4 PtL 1 2 3 4
	DI37 4 PtL 1 2 3 4
	DI38 4 PtL 1 2 3 4
	DI39 4 PtL 1 2 3 4
	DI40 4 PtL 1 2 3 4
	DI41 4 PtL 1 2 3 4
	DI42 4 PtL 1 2 3 4
	DI43 4 PtL 1 2 3 4
	DI44 4 PtL 1 2 3 4
	DI45 4 PtL 1 2 3 4
	DI46 4 PtL 1 2 3 4
	DI47 4 PtL 1 2 3 4
	DI48 4 PtL 1 2 3 4
	DI49 4 PtL 1 2 3 4
	DI50 4 PtL 1 2 3 4
	DI51 4 PtL 1 2 3 4
	DI52 4 PtL 1 2 3 4
	DI53 4 PtL 1 2 3 4
	DI54 4 PtL 1 2 3 4
	DI55 4 PtL 1 2 3 4
	DI56 4 PtL 1 2 3 4
	DI57 4 PtL 1 2 3 4
	DI58 4 PtL 1 2 3 4
	DI59 4 PtL 1 2 3 4
	DI60 4 PtL 1 2 3 4
	DI61 4 PtL 1 2 3 4
	DI62 4 PtL 1 2 3 4
	DI63 4 PtL 1 2 3 4
	DI64 4 PtL 1 2 3 4
	DI65 4 PtL 1 2 3 4
	DI66 4 PtL 1 2 3 4
	DI67 4 PtL 1 2 3 4
	DI68 4 PtL 1 2 3 4
	DI69 4 PtL 1 2 3 4
	DI70 4 PtL 1 2 3 4
	DI71 4 PtL 1 2 3 4
	DI72 4 PtL 1 2 3 4
	DI73 4 PtL 1 2 3 4
	DI74 4 PtL 1 2 3 4
	DI75 4 PtL 1 2 3 4
	DI76 4 PtL 1 2 3 4
	DI77 4 PtL 1 2 3 4
	DI78 4 PtL 1 2 3 4
	DI79 4 PtL 1 2 3 4
	DI80 4 PtL 1 2 3 4
	DI81 4 PtL 1 2 3 4
	DI82 4 PtL 1 2 3 4
	DI83 4 PtL 1 2 3 4
	DI84 4 PtL 1 2 3 4
	DI85 4 PtL 1 2 3 4
	DI86 4 PtL 1 2 3 4
	DI87 4 PtL 1 2 3 4
	DI88 4 PtL 1 2 3 4
	DI89 4 PtL 1 2 3 4
	DI90 4 PtL 1 2 3 4
	DI91 4 PtL 1 2 3 4
	DI92 4 PtL 1 2 3 4
	DI93 4 PtL 1 2 3 4
	DI94 4 PtL 1 2 3 4
	DI95 4 PtL 1 2 3 4
	DI96 4 PtL 1 2 3 4
	DI97 4 PtL 1 2 3 4
	DI98 4 PtL 1 2 3 4
	DI99 4 PtL 1 2 3 4
	DI100 4 PtL 1 2 3 4
	DI101 4 PtL 1 2 3 4
	DI102 4 PtL 1 2 3 4
	DI103 4 PtL 1 2 3 4
	DI104 4 PtL 1 2 3 4
	DI105 4 PtL 1 2 3 4
	DI106 4 PtL 1 2 3 4
	DI107 4 PtL 1 2 3 4
	DI108 4 PtL 1 2 3 4
	DI109 4 PtL 1 2 3 4
	DI110 4 PtL 1 2 3 4
	DI111 4 PtL 1 2 3 4
	DI112 4 PtL 1 2 3 4
	DI113 4 PtL 1 2 3 4
	DI114 4 PtL 1 2 3 4
	DI115 4 PtL 1 2 3 4
	DI116 4 PtL 1 2 3 4
	DI117 4 PtL 1 2 3 4
	DI118 4 PtL 1 2 3 4
	DI119 4 PtL 1 2 3 4
	DI120 4 PtL 1 2 3 4
	DI121 4 PtL 1 2 3 4
	DI122 4 PtL 1 2 3 4
	DI123 4 PtL 1 2 3 4
	DI124 4 PtL 1 2 3 4
	DI125 4 PtL 1 2 3 4
	DI126 4 PtL 1 2 3 4
	DI127 4 PtL 1 2 3 4
	WEB0 4 PtL 1 2 3 4
	WEB1 4 PtL 1 2 3 4
	WEB2 4 PtL 1 2 3 4
	WEB3 4 PtL 1 2 3 4
	WEB4 4 PtL 1 2 3 4
	WEB5 4 PtL 1 2 3 4
	WEB6 4 PtL 1 2 3 4
	WEB7 4 PtL 1 2 3 4
	WEB8 4 PtL 1 2 3 4
	WEB9 4 PtL 1 2 3 4
	WEB10 4 PtL 1 2 3 4
	WEB11 4 PtL 1 2 3 4
	WEB12 4 PtL 1 2 3 4
	WEB13 4 PtL 1 2 3 4
	WEB14 4 PtL 1 2 3 4
	WEB15 4 PtL 1 2 3 4
	CS 4 PtL 1 2 3 4
	OE 0 PtL 1 2 3 4
	CK 1 PtL 1 2 3 4
	VCC 7 PGPtL 1 2 3 4 1 2 3 4 1 2 3 4 1 2 3 4 1 2 3 4 1 2 3 4 1 2 3 4 1 2 3 4 1 2 3 4 1 2 3 4 1 2 3 4 1 2 3 4 1 2 3 4 1 2 3 4 1 2 3 4 1 2 3 4 1 2 3 4 1 2 3 4 1 2 3 4 1 2 3 4 1 2 3 4 1 2 3 4 1 2 3 4 1 2 3 4 1 2 3 4 1 2 3 4 1 2 3 4 1 2 3 4 1 2 3 4 1 2 3 4 1 2 3 4 1 2 3 4 1 2 3 4 1 2 3 4 1 2 3 4 1 2 3 4 1 2 3 4 1 2 3 4 1 2 3 4 1 2 3 4 1 2 3 4 1 2 3 4 1 2 3 4 1 2 3 4 1 2 3 4 1 2 3 4 1 2 3 4 1 2 3 4 1 2 3 4 1 2 3 4 1 2 3 4 1 2 3 4 1 2 3 4 1 2 3 4 1 2 3 4 1 2 3 4 1 2 3 4 1 2 3 4 1 2 3 4 1 2 3 4 1 2 3 4 1 2 3 4 1 2 3 4 1 2 3 4 1 2 3 4 1 2 3 4 1 2 3 4 1 2 3 4 1 2 3 4 1 2 3 4 1 2 3 4 1 2 3 4 1 2 3 4 1 2 3 4 1 2 3 4 1 2 3 4 1 2 3 4 1 2 3 4 1 2 3 4 1 2 3 4 1 2 3 4 1 2 3 4 1 2 3 4 1 2 3 4 1 2 3 4 1 2 3 4 1 2 3 4 1 2 3 4 1 2 3 4 1 2 3 4 1 2 3 4 1 2 3 4 1 2 3 4 1 2 3 4 1 2 3 4 1 2 3 4 1 2 3 4 1 2 3 4 1 2 3 4 1 2 3 4 1 2 3 4 1 2 3 4 1 2 3 4 1 2 3 4 1 2 3 4 1 2 3 4 1 2 3 4 1 2 3 4 1 2 3 4 1 2 3 4 1 2 3 4 1 2 3 4 1 2 3 4 1 2 3 4 1 2 3 4 1 2 3 4 1 2 3 4 1 2 3 4 1 2 3 4 1 2 3 4 1 2 3 4 1 2 3 4 1 2 3 4 1 2 3 4 1 2 3 4 1 2 3 4 1 2 3 4 1 2 3 4 1 2 3 4 1 2 3 4 1 2 3 4 1 2 3 4 1 2 3 4 1 2 3 4 1 2 3 4 1 2 3 4 1 2 3 4 1 2 3 4 1 2 3 4 1 2 3 4 1 2 3 4 1 2 3 4 1 2 3 4 1 2 3 4 1 2 3 4 1 2 3 4 1 2 3 4 1 2 3 4 1 2 3 4 1 2 3 4 1 2 3 4 1 2 3 4 1 2 3 4 1 2 3 4 1 2 3 4 1 2 3 4 1 2 3 4 1 2 3 4 1 2 3 4 1 2 3 4 1 2 3 4 1 2 3 4 1 2 3 4 1 2 3 4 1 2 3 4 1 2 3 4 1 2 3 4 1 2 3 4 1 2 3 4 1 2 3 4 1 2 3 4 1 2 3 4 1 2 3 4 1 2 3 4 1 2 3 4 1 2 3 4 1 2 3 4 1 2 3 4 1 2 3 4 1 2 3 4 1 2 3 4 1 2 3 4 1 2 3 4 1 2 3 4 1 2 3 4 1 2 3 4 1 2 3 4 1 2 3 4 1 2 3 4 1 2 3 4 1 2 3 4 1 2 3 4 1 2 3 4 1 2 3 4 1 2 3 4 1 2 3 4 1 2 3 4 1 2 3 4 1 2 3 4 1 2 3 4 1 2 3 4 1 2 3 4 1 2 3 4 1 2 3 4 1 2 3 4
	   pgbox 0 0 1887900 156800 3540 3240 1120 1120
	GND 8 PGPtL 1 2 3 4 1 2 3 4 1 2 3 4 1 2 3 4 1 2 3 4 1 2 3 4 1 2 3 4 1 2 3 4 1 2 3 4 1 2 3 4 1 2 3 4 1 2 3 4 1 2 3 4 1 2 3 4 1 2 3 4 1 2 3 4 1 2 3 4 1 2 3 4 1 2 3 4 1 2 3 4 1 2 3 4 1 2 3 4 1 2 3 4 1 2 3 4 1 2 3 4 1 2 3 4 1 2 3 4 1 2 3 4 1 2 3 4 1 2 3 4 1 2 3 4 1 2 3 4 1 2 3 4 1 2 3 4 1 2 3 4 1 2 3 4 1 2 3 4 1 2 3 4 1 2 3 4 1 2 3 4 1 2 3 4 1 2 3 4 1 2 3 4 1 2 3 4 1 2 3 4 1 2 3 4 1 2 3 4 1 2 3 4 1 2 3 4 1 2 3 4 1 2 3 4 1 2 3 4 1 2 3 4 1 2 3 4 1 2 3 4 1 2 3 4 1 2 3 4 1 2 3 4 1 2 3 4 1 2 3 4 1 2 3 4 1 2 3 4 1 2 3 4 1 2 3 4 1 2 3 4 1 2 3 4 1 2 3 4 1 2 3 4 1 2 3 4 1 2 3 4 1 2 3 4 1 2 3 4 1 2 3 4 1 2 3 4 1 2 3 4 1 2 3 4 1 2 3 4 1 2 3 4 1 2 3 4 1 2 3 4 1 2 3 4 1 2 3 4 1 2 3 4 1 2 3 4 1 2 3 4 1 2 3 4 1 2 3 4 1 2 3 4 1 2 3 4 1 2 3 4 1 2 3 4 1 2 3 4 1 2 3 4 1 2 3 4 1 2 3 4 1 2 3 4 1 2 3 4 1 2 3 4 1 2 3 4 1 2 3 4 1 2 3 4 1 2 3 4 1 2 3 4 1 2 3 4 1 2 3 4 1 2 3 4 1 2 3 4 1 2 3 4 1 2 3 4 1 2 3 4 1 2 3 4 1 2 3 4 1 2 3 4 1 2 3 4 1 2 3 4 1 2 3 4 1 2 3 4 1 2 3 4 1 2 3 4 1 2 3 4 1 2 3 4 1 2 3 4 1 2 3 4 1 2 3 4 1 2 3 4 1 2 3 4 1 2 3 4 1 2 3 4 1 2 3 4 1 2 3 4 1 2 3 4 1 2 3 4 1 2 3 4 1 2 3 4 1 2 3 4 1 2 3 4 1 2 3 4 1 2 3 4 1 2 3 4 1 2 3 4 1 2 3 4 1 2 3 4 1 2 3 4 1 2 3 4 1 2 3 4 1 2 3 4 1 2 3 4 1 2 3 4 1 2 3 4 1 2 3 4 1 2 3 4 1 2 3 4 1 2 3 4 1 2 3 4 1 2 3 4 1 2 3 4 1 2 3 4 1 2 3 4 1 2 3 4 1 2 3 4 1 2 3 4 1 2 3 4 1 2 3 4 1 2 3 4 1 2 3 4 1 2 3 4 1 2 3 4 1 2 3 4 1 2 3 4 1 2 3 4 1 2 3 4 1 2 3 4 1 2 3 4 1 2 3 4 1 2 3 4 1 2 3 4 1 2 3 4 1 2 3 4 1 2 3 4 1 2 3 4 1 2 3 4 1 2 3 4 1 2 3 4 1 2 3 4 1 2 3 4 1 2 3 4 1 2 3 4 1 2 3 4 1 2 3 4 1 2 3 4 1 2 3 4 1 2 3 4 1 2 3 4 1 2 3 4 1 2 3 4 1 2 3 4 1 2 3 4 1 2 3 4 1 2 3 4 1 2 3 4 1 2 3 4 1 2 3 4 1 2 3 4
	   pgbox 0 0 1887900 156800 3540 3240 1120 1120
	END _inst_term_layer_
  _inst_term_layer_ 1 tag_array
	DO0 3 PGPtL 1 2 3 4
	DO1 3 PtL 1 2 3 4
	DO2 3 PtL 1 2 3 4
	DO3 3 PtL 1 2 3 4
	DO4 3 PtL 1 2 3 4
	DO5 3 PtL 1 2 3 4
	DO6 3 PtL 1 2 3 4
	DO7 3 PtL 1 2 3 4
	DO8 3 PtL 1 2 3 4
	DO9 3 PtL 1 2 3 4
	DO10 3 PtL 1 2 3 4
	DO11 3 PtL 1 2 3 4
	DO12 3 PtL 1 2 3 4
	DO13 3 PtL 1 2 3 4
	DO14 3 PtL 1 2 3 4
	DO15 3 PtL 1 2 3 4
	DO16 3 PtL 1 2 3 4
	DO17 3 PtL 1 2 3 4
	DO18 3 PtL 1 2 3 4
	DO19 3 PtL 1 2 3 4
	DO20 3 PtL 1 2 3 4
	DO21 3 PtL 1 2 3 4
	A0 4 PtL 1 2 3 4
	A1 4 PtL 1 2 3 4
	A2 4 PtL 1 2 3 4
	A3 4 PtL 1 2 3 4
	A4 4 PtL 1 2 3 4
	A5 4 PtL 1 2 3 4
	DI0 4 PtL 1 2 3 4
	DI1 4 PtL 1 2 3 4
	DI2 4 PtL 1 2 3 4
	DI3 4 PtL 1 2 3 4
	DI4 4 PtL 1 2 3 4
	DI5 4 PtL 1 2 3 4
	DI6 4 PtL 1 2 3 4
	DI7 4 PtL 1 2 3 4
	DI8 4 PtL 1 2 3 4
	DI9 4 PtL 1 2 3 4
	DI10 4 PtL 1 2 3 4
	DI11 4 PtL 1 2 3 4
	DI12 4 PtL 1 2 3 4
	DI13 4 PtL 1 2 3 4
	DI14 4 PtL 1 2 3 4
	DI15 4 PtL 1 2 3 4
	DI16 4 PtL 1 2 3 4
	DI17 4 PtL 1 2 3 4
	DI18 4 PtL 1 2 3 4
	DI19 4 PtL 1 2 3 4
	DI20 4 PtL 1 2 3 4
	DI21 4 PtL 1 2 3 4
	WEB 4 PtL 1 2 3 4
	CS 4 PtL 1 2 3 4
	OE 0 PtL 1 2 3 4
	CK 1 PtL 1 2 3 4
	VCC 7 PGPtL 1 2 3 4 1 2 3 4 1 2 3 4 1 2 3 4 1 2 3 4 1 2 3 4 1 2 3 4 1 2 3 4 1 2 3 4 1 2 3 4 1 2 3 4 1 2 3 4 1 2 3 4 1 2 3 4 1 2 3 4 1 2 3 4 1 2 3 4 1 2 3 4 1 2 3 4 1 2 3 4 1 2 3 4 1 2 3 4 1 2 3 4 1 2 3 4 1 2 3 4 1 2 3 4 1 2 3 4 1 2 3 4 1 2 3 4 1 2 3 4 1 2 3 4 1 2 3 4 1 2 3 4 1 2 3 4 1 2 3 4 1 2 3 4 1 2 3 4 1 2 3 4 1 2 3 4 1 2 3 4 1 2 3 4 1 2 3 4 1 2 3 4 1 2 3 4 1 2 3 4 1 2 3 4 1 2 3 4 1 2 3 4 1 2 3 4 1 2 3 4 1 2 3 4 1 2 3 4 1 2 3 4 1 2 3 4 1 2 3 4 1 2 3 4 1 2 3 4 1 2 3 4 1 2 3 4 1 2 3 4 1 2 3 4 1 2 3 4 1 2 3 4 1 2 3 4 1 2 3 4
	   pgbox 0 0 391840 156800 3540 3240 1120 1120
	GND 8 PGPtL 1 2 3 4 1 2 3 4 1 2 3 4 1 2 3 4 1 2 3 4 1 2 3 4 1 2 3 4 1 2 3 4 1 2 3 4 1 2 3 4 1 2 3 4 1 2 3 4 1 2 3 4 1 2 3 4 1 2 3 4 1 2 3 4 1 2 3 4 1 2 3 4 1 2 3 4 1 2 3 4 1 2 3 4 1 2 3 4 1 2 3 4 1 2 3 4 1 2 3 4 1 2 3 4 1 2 3 4 1 2 3 4 1 2 3 4 1 2 3 4 1 2 3 4 1 2 3 4 1 2 3 4 1 2 3 4 1 2 3 4 1 2 3 4 1 2 3 4 1 2 3 4 1 2 3 4 1 2 3 4 1 2 3 4 1 2 3 4 1 2 3 4 1 2 3 4 1 2 3 4 1 2 3 4 1 2 3 4 1 2 3 4 1 2 3 4 1 2 3 4 1 2 3 4 1 2 3 4 1 2 3 4 1 2 3 4 1 2 3 4 1 2 3 4 1 2 3 4 1 2 3 4 1 2 3 4 1 2 3 4 1 2 3 4 1 2 3 4 1 2 3 4 1 2 3 4
	   pgbox 0 0 391840 156800 3540 3240 1120 1120
	END _inst_term_layer_
  _inst_term_layer_ 2 data_array
	DO0 3 PGPtL 1 2 3 4
	DO1 3 PtL 1 2 3 4
	DO2 3 PtL 1 2 3 4
	DO3 3 PtL 1 2 3 4
	DO4 3 PtL 1 2 3 4
	DO5 3 PtL 1 2 3 4
	DO6 3 PtL 1 2 3 4
	DO7 3 PtL 1 2 3 4
	DO8 3 PtL 1 2 3 4
	DO9 3 PtL 1 2 3 4
	DO10 3 PtL 1 2 3 4
	DO11 3 PtL 1 2 3 4
	DO12 3 PtL 1 2 3 4
	DO13 3 PtL 1 2 3 4
	DO14 3 PtL 1 2 3 4
	DO15 3 PtL 1 2 3 4
	DO16 3 PtL 1 2 3 4
	DO17 3 PtL 1 2 3 4
	DO18 3 PtL 1 2 3 4
	DO19 3 PtL 1 2 3 4
	DO20 3 PtL 1 2 3 4
	DO21 3 PtL 1 2 3 4
	DO22 3 PtL 1 2 3 4
	DO23 3 PtL 1 2 3 4
	DO24 3 PtL 1 2 3 4
	DO25 3 PtL 1 2 3 4
	DO26 3 PtL 1 2 3 4
	DO27 3 PtL 1 2 3 4
	DO28 3 PtL 1 2 3 4
	DO29 3 PtL 1 2 3 4
	DO30 3 PtL 1 2 3 4
	DO31 3 PtL 1 2 3 4
	DO32 3 PtL 1 2 3 4
	DO33 3 PtL 1 2 3 4
	DO34 3 PtL 1 2 3 4
	DO35 3 PtL 1 2 3 4
	DO36 3 PtL 1 2 3 4
	DO37 3 PtL 1 2 3 4
	DO38 3 PtL 1 2 3 4
	DO39 3 PtL 1 2 3 4
	DO40 3 PtL 1 2 3 4
	DO41 3 PtL 1 2 3 4
	DO42 3 PtL 1 2 3 4
	DO43 3 PtL 1 2 3 4
	DO44 3 PtL 1 2 3 4
	DO45 3 PtL 1 2 3 4
	DO46 3 PtL 1 2 3 4
	DO47 3 PtL 1 2 3 4
	DO48 3 PtL 1 2 3 4
	DO49 3 PtL 1 2 3 4
	DO50 3 PtL 1 2 3 4
	DO51 3 PtL 1 2 3 4
	DO52 3 PtL 1 2 3 4
	DO53 3 PtL 1 2 3 4
	DO54 3 PtL 1 2 3 4
	DO55 3 PtL 1 2 3 4
	DO56 3 PtL 1 2 3 4
	DO57 3 PtL 1 2 3 4
	DO58 3 PtL 1 2 3 4
	DO59 3 PtL 1 2 3 4
	DO60 3 PtL 1 2 3 4
	DO61 3 PtL 1 2 3 4
	DO62 3 PtL 1 2 3 4
	DO63 3 PtL 1 2 3 4
	DO64 3 PtL 1 2 3 4
	DO65 3 PtL 1 2 3 4
	DO66 3 PtL 1 2 3 4
	DO67 3 PtL 1 2 3 4
	DO68 3 PtL 1 2 3 4
	DO69 3 PtL 1 2 3 4
	DO70 3 PtL 1 2 3 4
	DO71 3 PtL 1 2 3 4
	DO72 3 PtL 1 2 3 4
	DO73 3 PtL 1 2 3 4
	DO74 3 PtL 1 2 3 4
	DO75 3 PtL 1 2 3 4
	DO76 3 PtL 1 2 3 4
	DO77 3 PtL 1 2 3 4
	DO78 3 PtL 1 2 3 4
	DO79 3 PtL 1 2 3 4
	DO80 3 PtL 1 2 3 4
	DO81 3 PtL 1 2 3 4
	DO82 3 PtL 1 2 3 4
	DO83 3 PtL 1 2 3 4
	DO84 3 PtL 1 2 3 4
	DO85 3 PtL 1 2 3 4
	DO86 3 PtL 1 2 3 4
	DO87 3 PtL 1 2 3 4
	DO88 3 PtL 1 2 3 4
	DO89 3 PtL 1 2 3 4
	DO90 3 PtL 1 2 3 4
	DO91 3 PtL 1 2 3 4
	DO92 3 PtL 1 2 3 4
	DO93 3 PtL 1 2 3 4
	DO94 3 PtL 1 2 3 4
	DO95 3 PtL 1 2 3 4
	DO96 3 PtL 1 2 3 4
	DO97 3 PtL 1 2 3 4
	DO98 3 PtL 1 2 3 4
	DO99 3 PtL 1 2 3 4
	DO100 3 PtL 1 2 3 4
	DO101 3 PtL 1 2 3 4
	DO102 3 PtL 1 2 3 4
	DO103 3 PtL 1 2 3 4
	DO104 3 PtL 1 2 3 4
	DO105 3 PtL 1 2 3 4
	DO106 3 PtL 1 2 3 4
	DO107 3 PtL 1 2 3 4
	DO108 3 PtL 1 2 3 4
	DO109 3 PtL 1 2 3 4
	DO110 3 PtL 1 2 3 4
	DO111 3 PtL 1 2 3 4
	DO112 3 PtL 1 2 3 4
	DO113 3 PtL 1 2 3 4
	DO114 3 PtL 1 2 3 4
	DO115 3 PtL 1 2 3 4
	DO116 3 PtL 1 2 3 4
	DO117 3 PtL 1 2 3 4
	DO118 3 PtL 1 2 3 4
	DO119 3 PtL 1 2 3 4
	DO120 3 PtL 1 2 3 4
	DO121 3 PtL 1 2 3 4
	DO122 3 PtL 1 2 3 4
	DO123 3 PtL 1 2 3 4
	DO124 3 PtL 1 2 3 4
	DO125 3 PtL 1 2 3 4
	DO126 3 PtL 1 2 3 4
	DO127 3 PtL 1 2 3 4
	A0 4 PtL 1 2 3 4
	A1 4 PtL 1 2 3 4
	A2 4 PtL 1 2 3 4
	A3 4 PtL 1 2 3 4
	A4 4 PtL 1 2 3 4
	A5 4 PtL 1 2 3 4
	DI0 4 PtL 1 2 3 4
	DI1 4 PtL 1 2 3 4
	DI2 4 PtL 1 2 3 4
	DI3 4 PtL 1 2 3 4
	DI4 4 PtL 1 2 3 4
	DI5 4 PtL 1 2 3 4
	DI6 4 PtL 1 2 3 4
	DI7 4 PtL 1 2 3 4
	DI8 4 PtL 1 2 3 4
	DI9 4 PtL 1 2 3 4
	DI10 4 PtL 1 2 3 4
	DI11 4 PtL 1 2 3 4
	DI12 4 PtL 1 2 3 4
	DI13 4 PtL 1 2 3 4
	DI14 4 PtL 1 2 3 4
	DI15 4 PtL 1 2 3 4
	DI16 4 PtL 1 2 3 4
	DI17 4 PtL 1 2 3 4
	DI18 4 PtL 1 2 3 4
	DI19 4 PtL 1 2 3 4
	DI20 4 PtL 1 2 3 4
	DI21 4 PtL 1 2 3 4
	DI22 4 PtL 1 2 3 4
	DI23 4 PtL 1 2 3 4
	DI24 4 PtL 1 2 3 4
	DI25 4 PtL 1 2 3 4
	DI26 4 PtL 1 2 3 4
	DI27 4 PtL 1 2 3 4
	DI28 4 PtL 1 2 3 4
	DI29 4 PtL 1 2 3 4
	DI30 4 PtL 1 2 3 4
	DI31 4 PtL 1 2 3 4
	DI32 4 PtL 1 2 3 4
	DI33 4 PtL 1 2 3 4
	DI34 4 PtL 1 2 3 4
	DI35 4 PtL 1 2 3 4
	DI36 4 PtL 1 2 3 4
	DI37 4 PtL 1 2 3 4
	DI38 4 PtL 1 2 3 4
	DI39 4 PtL 1 2 3 4
	DI40 4 PtL 1 2 3 4
	DI41 4 PtL 1 2 3 4
	DI42 4 PtL 1 2 3 4
	DI43 4 PtL 1 2 3 4
	DI44 4 PtL 1 2 3 4
	DI45 4 PtL 1 2 3 4
	DI46 4 PtL 1 2 3 4
	DI47 4 PtL 1 2 3 4
	DI48 4 PtL 1 2 3 4
	DI49 4 PtL 1 2 3 4
	DI50 4 PtL 1 2 3 4
	DI51 4 PtL 1 2 3 4
	DI52 4 PtL 1 2 3 4
	DI53 4 PtL 1 2 3 4
	DI54 4 PtL 1 2 3 4
	DI55 4 PtL 1 2 3 4
	DI56 4 PtL 1 2 3 4
	DI57 4 PtL 1 2 3 4
	DI58 4 PtL 1 2 3 4
	DI59 4 PtL 1 2 3 4
	DI60 4 PtL 1 2 3 4
	DI61 4 PtL 1 2 3 4
	DI62 4 PtL 1 2 3 4
	DI63 4 PtL 1 2 3 4
	DI64 4 PtL 1 2 3 4
	DI65 4 PtL 1 2 3 4
	DI66 4 PtL 1 2 3 4
	DI67 4 PtL 1 2 3 4
	DI68 4 PtL 1 2 3 4
	DI69 4 PtL 1 2 3 4
	DI70 4 PtL 1 2 3 4
	DI71 4 PtL 1 2 3 4
	DI72 4 PtL 1 2 3 4
	DI73 4 PtL 1 2 3 4
	DI74 4 PtL 1 2 3 4
	DI75 4 PtL 1 2 3 4
	DI76 4 PtL 1 2 3 4
	DI77 4 PtL 1 2 3 4
	DI78 4 PtL 1 2 3 4
	DI79 4 PtL 1 2 3 4
	DI80 4 PtL 1 2 3 4
	DI81 4 PtL 1 2 3 4
	DI82 4 PtL 1 2 3 4
	DI83 4 PtL 1 2 3 4
	DI84 4 PtL 1 2 3 4
	DI85 4 PtL 1 2 3 4
	DI86 4 PtL 1 2 3 4
	DI87 4 PtL 1 2 3 4
	DI88 4 PtL 1 2 3 4
	DI89 4 PtL 1 2 3 4
	DI90 4 PtL 1 2 3 4
	DI91 4 PtL 1 2 3 4
	DI92 4 PtL 1 2 3 4
	DI93 4 PtL 1 2 3 4
	DI94 4 PtL 1 2 3 4
	DI95 4 PtL 1 2 3 4
	DI96 4 PtL 1 2 3 4
	DI97 4 PtL 1 2 3 4
	DI98 4 PtL 1 2 3 4
	DI99 4 PtL 1 2 3 4
	DI100 4 PtL 1 2 3 4
	DI101 4 PtL 1 2 3 4
	DI102 4 PtL 1 2 3 4
	DI103 4 PtL 1 2 3 4
	DI104 4 PtL 1 2 3 4
	DI105 4 PtL 1 2 3 4
	DI106 4 PtL 1 2 3 4
	DI107 4 PtL 1 2 3 4
	DI108 4 PtL 1 2 3 4
	DI109 4 PtL 1 2 3 4
	DI110 4 PtL 1 2 3 4
	DI111 4 PtL 1 2 3 4
	DI112 4 PtL 1 2 3 4
	DI113 4 PtL 1 2 3 4
	DI114 4 PtL 1 2 3 4
	DI115 4 PtL 1 2 3 4
	DI116 4 PtL 1 2 3 4
	DI117 4 PtL 1 2 3 4
	DI118 4 PtL 1 2 3 4
	DI119 4 PtL 1 2 3 4
	DI120 4 PtL 1 2 3 4
	DI121 4 PtL 1 2 3 4
	DI122 4 PtL 1 2 3 4
	DI123 4 PtL 1 2 3 4
	DI124 4 PtL 1 2 3 4
	DI125 4 PtL 1 2 3 4
	DI126 4 PtL 1 2 3 4
	DI127 4 PtL 1 2 3 4
	WEB0 4 PtL 1 2 3 4
	WEB1 4 PtL 1 2 3 4
	WEB2 4 PtL 1 2 3 4
	WEB3 4 PtL 1 2 3 4
	WEB4 4 PtL 1 2 3 4
	WEB5 4 PtL 1 2 3 4
	WEB6 4 PtL 1 2 3 4
	WEB7 4 PtL 1 2 3 4
	WEB8 4 PtL 1 2 3 4
	WEB9 4 PtL 1 2 3 4
	WEB10 4 PtL 1 2 3 4
	WEB11 4 PtL 1 2 3 4
	WEB12 4 PtL 1 2 3 4
	WEB13 4 PtL 1 2 3 4
	WEB14 4 PtL 1 2 3 4
	WEB15 4 PtL 1 2 3 4
	CS 4 PtL 1 2 3 4
	OE 0 PtL 1 2 3 4
	CK 1 PtL 1 2 3 4
	VCC 7 PGPtL 1 2 3 4 1 2 3 4 1 2 3 4 1 2 3 4 1 2 3 4 1 2 3 4 1 2 3 4 1 2 3 4 1 2 3 4 1 2 3 4 1 2 3 4 1 2 3 4 1 2 3 4 1 2 3 4 1 2 3 4 1 2 3 4 1 2 3 4 1 2 3 4 1 2 3 4 1 2 3 4 1 2 3 4 1 2 3 4 1 2 3 4 1 2 3 4 1 2 3 4 1 2 3 4 1 2 3 4 1 2 3 4 1 2 3 4 1 2 3 4 1 2 3 4 1 2 3 4 1 2 3 4 1 2 3 4 1 2 3 4 1 2 3 4 1 2 3 4 1 2 3 4 1 2 3 4 1 2 3 4 1 2 3 4 1 2 3 4 1 2 3 4 1 2 3 4 1 2 3 4 1 2 3 4 1 2 3 4 1 2 3 4 1 2 3 4 1 2 3 4 1 2 3 4 1 2 3 4 1 2 3 4 1 2 3 4 1 2 3 4 1 2 3 4 1 2 3 4 1 2 3 4 1 2 3 4 1 2 3 4 1 2 3 4 1 2 3 4 1 2 3 4 1 2 3 4 1 2 3 4 1 2 3 4 1 2 3 4 1 2 3 4 1 2 3 4 1 2 3 4 1 2 3 4 1 2 3 4 1 2 3 4 1 2 3 4 1 2 3 4 1 2 3 4 1 2 3 4 1 2 3 4 1 2 3 4 1 2 3 4 1 2 3 4 1 2 3 4 1 2 3 4 1 2 3 4 1 2 3 4 1 2 3 4 1 2 3 4 1 2 3 4 1 2 3 4 1 2 3 4 1 2 3 4 1 2 3 4 1 2 3 4 1 2 3 4 1 2 3 4 1 2 3 4 1 2 3 4 1 2 3 4 1 2 3 4 1 2 3 4 1 2 3 4 1 2 3 4 1 2 3 4 1 2 3 4 1 2 3 4 1 2 3 4 1 2 3 4 1 2 3 4 1 2 3 4 1 2 3 4 1 2 3 4 1 2 3 4 1 2 3 4 1 2 3 4 1 2 3 4 1 2 3 4 1 2 3 4 1 2 3 4 1 2 3 4 1 2 3 4 1 2 3 4 1 2 3 4 1 2 3 4 1 2 3 4 1 2 3 4 1 2 3 4 1 2 3 4 1 2 3 4 1 2 3 4 1 2 3 4 1 2 3 4 1 2 3 4 1 2 3 4 1 2 3 4 1 2 3 4 1 2 3 4 1 2 3 4 1 2 3 4 1 2 3 4 1 2 3 4 1 2 3 4 1 2 3 4 1 2 3 4 1 2 3 4 1 2 3 4 1 2 3 4 1 2 3 4 1 2 3 4 1 2 3 4 1 2 3 4 1 2 3 4 1 2 3 4 1 2 3 4 1 2 3 4 1 2 3 4 1 2 3 4 1 2 3 4 1 2 3 4 1 2 3 4 1 2 3 4 1 2 3 4 1 2 3 4 1 2 3 4 1 2 3 4 1 2 3 4 1 2 3 4 1 2 3 4 1 2 3 4 1 2 3 4 1 2 3 4 1 2 3 4 1 2 3 4 1 2 3 4 1 2 3 4 1 2 3 4 1 2 3 4 1 2 3 4 1 2 3 4 1 2 3 4 1 2 3 4 1 2 3 4 1 2 3 4 1 2 3 4 1 2 3 4 1 2 3 4 1 2 3 4 1 2 3 4 1 2 3 4 1 2 3 4 1 2 3 4 1 2 3 4 1 2 3 4 1 2 3 4 1 2 3 4 1 2 3 4 1 2 3 4 1 2 3 4 1 2 3 4 1 2 3 4 1 2 3 4 1 2 3 4 1 2 3 4 1 2 3 4 1 2 3 4 1 2 3 4
	   pgbox 0 0 1887900 156800 3540 3240 1120 1120
	GND 8 PGPtL 1 2 3 4 1 2 3 4 1 2 3 4 1 2 3 4 1 2 3 4 1 2 3 4 1 2 3 4 1 2 3 4 1 2 3 4 1 2 3 4 1 2 3 4 1 2 3 4 1 2 3 4 1 2 3 4 1 2 3 4 1 2 3 4 1 2 3 4 1 2 3 4 1 2 3 4 1 2 3 4 1 2 3 4 1 2 3 4 1 2 3 4 1 2 3 4 1 2 3 4 1 2 3 4 1 2 3 4 1 2 3 4 1 2 3 4 1 2 3 4 1 2 3 4 1 2 3 4 1 2 3 4 1 2 3 4 1 2 3 4 1 2 3 4 1 2 3 4 1 2 3 4 1 2 3 4 1 2 3 4 1 2 3 4 1 2 3 4 1 2 3 4 1 2 3 4 1 2 3 4 1 2 3 4 1 2 3 4 1 2 3 4 1 2 3 4 1 2 3 4 1 2 3 4 1 2 3 4 1 2 3 4 1 2 3 4 1 2 3 4 1 2 3 4 1 2 3 4 1 2 3 4 1 2 3 4 1 2 3 4 1 2 3 4 1 2 3 4 1 2 3 4 1 2 3 4 1 2 3 4 1 2 3 4 1 2 3 4 1 2 3 4 1 2 3 4 1 2 3 4 1 2 3 4 1 2 3 4 1 2 3 4 1 2 3 4 1 2 3 4 1 2 3 4 1 2 3 4 1 2 3 4 1 2 3 4 1 2 3 4 1 2 3 4 1 2 3 4 1 2 3 4 1 2 3 4 1 2 3 4 1 2 3 4 1 2 3 4 1 2 3 4 1 2 3 4 1 2 3 4 1 2 3 4 1 2 3 4 1 2 3 4 1 2 3 4 1 2 3 4 1 2 3 4 1 2 3 4 1 2 3 4 1 2 3 4 1 2 3 4 1 2 3 4 1 2 3 4 1 2 3 4 1 2 3 4 1 2 3 4 1 2 3 4 1 2 3 4 1 2 3 4 1 2 3 4 1 2 3 4 1 2 3 4 1 2 3 4 1 2 3 4 1 2 3 4 1 2 3 4 1 2 3 4 1 2 3 4 1 2 3 4 1 2 3 4 1 2 3 4 1 2 3 4 1 2 3 4 1 2 3 4 1 2 3 4 1 2 3 4 1 2 3 4 1 2 3 4 1 2 3 4 1 2 3 4 1 2 3 4 1 2 3 4 1 2 3 4 1 2 3 4 1 2 3 4 1 2 3 4 1 2 3 4 1 2 3 4 1 2 3 4 1 2 3 4 1 2 3 4 1 2 3 4 1 2 3 4 1 2 3 4 1 2 3 4 1 2 3 4 1 2 3 4 1 2 3 4 1 2 3 4 1 2 3 4 1 2 3 4 1 2 3 4 1 2 3 4 1 2 3 4 1 2 3 4 1 2 3 4 1 2 3 4 1 2 3 4 1 2 3 4 1 2 3 4 1 2 3 4 1 2 3 4 1 2 3 4 1 2 3 4 1 2 3 4 1 2 3 4 1 2 3 4 1 2 3 4 1 2 3 4 1 2 3 4 1 2 3 4 1 2 3 4 1 2 3 4 1 2 3 4 1 2 3 4 1 2 3 4 1 2 3 4 1 2 3 4 1 2 3 4 1 2 3 4 1 2 3 4 1 2 3 4 1 2 3 4 1 2 3 4 1 2 3 4 1 2 3 4 1 2 3 4 1 2 3 4 1 2 3 4 1 2 3 4 1 2 3 4 1 2 3 4 1 2 3 4 1 2 3 4 1 2 3 4 1 2 3 4 1 2 3 4 1 2 3 4 1 2 3 4 1 2 3 4 1 2 3 4 1 2 3 4 1 2 3 4 1 2 3 4
	   pgbox 0 0 1887900 156800 3540 3240 1120 1120
	END _inst_term_layer_
  _inst_term_layer_ 3 tag_array
	DO0 3 PGPtL 1 2 3 4
	DO1 3 PtL 1 2 3 4
	DO2 3 PtL 1 2 3 4
	DO3 3 PtL 1 2 3 4
	DO4 3 PtL 1 2 3 4
	DO5 3 PtL 1 2 3 4
	DO6 3 PtL 1 2 3 4
	DO7 3 PtL 1 2 3 4
	DO8 3 PtL 1 2 3 4
	DO9 3 PtL 1 2 3 4
	DO10 3 PtL 1 2 3 4
	DO11 3 PtL 1 2 3 4
	DO12 3 PtL 1 2 3 4
	DO13 3 PtL 1 2 3 4
	DO14 3 PtL 1 2 3 4
	DO15 3 PtL 1 2 3 4
	DO16 3 PtL 1 2 3 4
	DO17 3 PtL 1 2 3 4
	DO18 3 PtL 1 2 3 4
	DO19 3 PtL 1 2 3 4
	DO20 3 PtL 1 2 3 4
	DO21 3 PtL 1 2 3 4
	A0 4 PtL 1 2 3 4
	A1 4 PtL 1 2 3 4
	A2 4 PtL 1 2 3 4
	A3 4 PtL 1 2 3 4
	A4 4 PtL 1 2 3 4
	A5 4 PtL 1 2 3 4
	DI0 4 PtL 1 2 3 4
	DI1 4 PtL 1 2 3 4
	DI2 4 PtL 1 2 3 4
	DI3 4 PtL 1 2 3 4
	DI4 4 PtL 1 2 3 4
	DI5 4 PtL 1 2 3 4
	DI6 4 PtL 1 2 3 4
	DI7 4 PtL 1 2 3 4
	DI8 4 PtL 1 2 3 4
	DI9 4 PtL 1 2 3 4
	DI10 4 PtL 1 2 3 4
	DI11 4 PtL 1 2 3 4
	DI12 4 PtL 1 2 3 4
	DI13 4 PtL 1 2 3 4
	DI14 4 PtL 1 2 3 4
	DI15 4 PtL 1 2 3 4
	DI16 4 PtL 1 2 3 4
	DI17 4 PtL 1 2 3 4
	DI18 4 PtL 1 2 3 4
	DI19 4 PtL 1 2 3 4
	DI20 4 PtL 1 2 3 4
	DI21 4 PtL 1 2 3 4
	WEB 4 PtL 1 2 3 4
	CS 4 PtL 1 2 3 4
	OE 0 PtL 1 2 3 4
	CK 1 PtL 1 2 3 4
	VCC 7 PGPtL 1 2 3 4 1 2 3 4 1 2 3 4 1 2 3 4 1 2 3 4 1 2 3 4 1 2 3 4 1 2 3 4 1 2 3 4 1 2 3 4 1 2 3 4 1 2 3 4 1 2 3 4 1 2 3 4 1 2 3 4 1 2 3 4 1 2 3 4 1 2 3 4 1 2 3 4 1 2 3 4 1 2 3 4 1 2 3 4 1 2 3 4 1 2 3 4 1 2 3 4 1 2 3 4 1 2 3 4 1 2 3 4 1 2 3 4 1 2 3 4 1 2 3 4 1 2 3 4 1 2 3 4 1 2 3 4 1 2 3 4 1 2 3 4 1 2 3 4 1 2 3 4 1 2 3 4 1 2 3 4 1 2 3 4 1 2 3 4 1 2 3 4 1 2 3 4 1 2 3 4 1 2 3 4 1 2 3 4 1 2 3 4 1 2 3 4 1 2 3 4 1 2 3 4 1 2 3 4 1 2 3 4 1 2 3 4 1 2 3 4 1 2 3 4 1 2 3 4 1 2 3 4 1 2 3 4 1 2 3 4 1 2 3 4 1 2 3 4 1 2 3 4 1 2 3 4 1 2 3 4
	   pgbox 0 0 391840 156800 3540 3240 1120 1120
	GND 8 PGPtL 1 2 3 4 1 2 3 4 1 2 3 4 1 2 3 4 1 2 3 4 1 2 3 4 1 2 3 4 1 2 3 4 1 2 3 4 1 2 3 4 1 2 3 4 1 2 3 4 1 2 3 4 1 2 3 4 1 2 3 4 1 2 3 4 1 2 3 4 1 2 3 4 1 2 3 4 1 2 3 4 1 2 3 4 1 2 3 4 1 2 3 4 1 2 3 4 1 2 3 4 1 2 3 4 1 2 3 4 1 2 3 4 1 2 3 4 1 2 3 4 1 2 3 4 1 2 3 4 1 2 3 4 1 2 3 4 1 2 3 4 1 2 3 4 1 2 3 4 1 2 3 4 1 2 3 4 1 2 3 4 1 2 3 4 1 2 3 4 1 2 3 4 1 2 3 4 1 2 3 4 1 2 3 4 1 2 3 4 1 2 3 4 1 2 3 4 1 2 3 4 1 2 3 4 1 2 3 4 1 2 3 4 1 2 3 4 1 2 3 4 1 2 3 4 1 2 3 4 1 2 3 4 1 2 3 4 1 2 3 4 1 2 3 4 1 2 3 4 1 2 3 4 1 2 3 4
	   pgbox 0 0 391840 156800 3540 3240 1120 1120
	END _inst_term_layer_
  _inst_term_layer_ 4 SRAM
	DO0 3 PGPtL 1 2 3 4
	DO1 3 PtL 1 2 3 4
	DO2 3 PtL 1 2 3 4
	DO3 3 PtL 1 2 3 4
	DO4 3 PtL 1 2 3 4
	DO5 3 PtL 1 2 3 4
	DO6 3 PtL 1 2 3 4
	DO7 3 PtL 1 2 3 4
	DO8 3 PtL 1 2 3 4
	DO9 3 PtL 1 2 3 4
	DO10 3 PtL 1 2 3 4
	DO11 3 PtL 1 2 3 4
	DO12 3 PtL 1 2 3 4
	DO13 3 PtL 1 2 3 4
	DO14 3 PtL 1 2 3 4
	DO15 3 PtL 1 2 3 4
	DO16 3 PtL 1 2 3 4
	DO17 3 PtL 1 2 3 4
	DO18 3 PtL 1 2 3 4
	DO19 3 PtL 1 2 3 4
	DO20 3 PtL 1 2 3 4
	DO21 3 PtL 1 2 3 4
	DO22 3 PtL 1 2 3 4
	DO23 3 PtL 1 2 3 4
	DO24 3 PtL 1 2 3 4
	DO25 3 PtL 1 2 3 4
	DO26 3 PtL 1 2 3 4
	DO27 3 PtL 1 2 3 4
	DO28 3 PtL 1 2 3 4
	DO29 3 PtL 1 2 3 4
	DO30 3 PtL 1 2 3 4
	DO31 3 PtL 1 2 3 4
	A0 4 PtL 1 2 3 4
	A1 4 PtL 1 2 3 4
	A2 4 PtL 1 2 3 4
	A3 4 PtL 1 2 3 4
	A4 4 PtL 1 2 3 4
	A5 4 PtL 1 2 3 4
	A6 4 PtL 1 2 3 4
	A7 4 PtL 1 2 3 4
	A8 4 PtL 1 2 3 4
	A9 4 PtL 1 2 3 4
	A10 4 PtL 1 2 3 4
	A11 4 PtL 1 2 3 4
	A12 4 PtL 1 2 3 4
	A13 4 PtL 1 2 3 4
	DI0 4 PtL 1 2 3 4
	DI1 4 PtL 1 2 3 4
	DI2 4 PtL 1 2 3 4
	DI3 4 PtL 1 2 3 4
	DI4 4 PtL 1 2 3 4
	DI5 4 PtL 1 2 3 4
	DI6 4 PtL 1 2 3 4
	DI7 4 PtL 1 2 3 4
	DI8 4 PtL 1 2 3 4
	DI9 4 PtL 1 2 3 4
	DI10 4 PtL 1 2 3 4
	DI11 4 PtL 1 2 3 4
	DI12 4 PtL 1 2 3 4
	DI13 4 PtL 1 2 3 4
	DI14 4 PtL 1 2 3 4
	DI15 4 PtL 1 2 3 4
	DI16 4 PtL 1 2 3 4
	DI17 4 PtL 1 2 3 4
	DI18 4 PtL 1 2 3 4
	DI19 4 PtL 1 2 3 4
	DI20 4 PtL 1 2 3 4
	DI21 4 PtL 1 2 3 4
	DI22 4 PtL 1 2 3 4
	DI23 4 PtL 1 2 3 4
	DI24 4 PtL 1 2 3 4
	DI25 4 PtL 1 2 3 4
	DI26 4 PtL 1 2 3 4
	DI27 4 PtL 1 2 3 4
	DI28 4 PtL 1 2 3 4
	DI29 4 PtL 1 2 3 4
	DI30 4 PtL 1 2 3 4
	DI31 4 PtL 1 2 3 4
	WEB0 4 PtL 1 2 3 4
	WEB1 4 PtL 1 2 3 4
	WEB2 4 PtL 1 2 3 4
	WEB3 4 PtL 1 2 3 4
	CS 4 PtL 1 2 3 4
	OE 0 PtL 1 2 3 4
	CK 1 PtL 1 2 3 4
	VCC 7 PGPtL 1 2 3 4 1 2 3 4 1 2 3 4 1 2 3 4 1 2 3 4 1 2 3 4 1 2 3 4 1 2 3 4 1 2 3 4 1 2 3 4 1 2 3 4 1 2 3 4 1 2 3 4 1 2 3 4 1 2 3 4 1 2 3 4 1 2 3 4 1 2 3 4 1 2 3 4 1 2 3 4 1 2 3 4 1 2 3 4 1 2 3 4 1 2 3 4 1 2 3 4 1 2 3 4 1 2 3 4 1 2 3 4 1 2 3 4 1 2 3 4 1 2 3 4 1 2 3 4 1 2 3 4 1 2 3 4 1 2 3 4 1 2 3 4 1 2 3 4 1 2 3 4 1 2 3 4 1 2 3 4 1 2 3 4 1 2 3 4 1 2 3 4 1 2 3 4 1 2 3 4 1 2 3 4 1 2 3 4 1 2 3 4 1 2 3 4 1 2 3 4 1 2 3 4 1 2 3 4 1 2 3 4 1 2 3 4 1 2 3 4 1 2 3 4 1 2 3 4 1 2 3 4 1 2 3 4 1 2 3 4 1 2 3 4 1 2 3 4 1 2 3 4 1 2 3 4 1 2 3 4 1 2 3 4 1 2 3 4 1 2 3 4 1 2 3 4 1 2 3 4 1 2 3 4 1 2 3 4 1 2 3 4 1 2 3 4 1 2 3 4 1 2 3 4 1 2 3 4 1 2 3 4 1 2 3 4 1 2 3 4 1 2 3 4 1 2 3 4 1 2 3 4 1 2 3 4 1 2 3 4 1 2 3 4 1 2 3 4 1 2 3 4 1 2 3 4 1 2 3 4 1 2 3 4 1 2 3 4 1 2 3 4 1 2 3 4 1 2 3 4 1 2 3 4 1 2 3 4 1 2 3 4 1 2 3 4 1 2 3 4 1 2 3 4 1 2 3 4 1 2 3 4 1 2 3 4 1 2 3 4 1 2 3 4 1 2 3 4 1 2 3 4 1 2 3 4 1 2 3 4 1 2 3 4 1 2 3 4 1 2 3 4 1 2 3 4 1 2 3 4 1 2 3 4 1 2 3 4 1 2 3 4 1 2 3 4 1 2 3 4 1 2 3 4 1 2 3 4 1 2 3 4 1 2 3 4 1 2 3 4 1 2 3 4 1 2 3 4 1 2 3 4 1 2 3 4 1 2 3 4 1 2 3 4 1 2 3 4 1 2 3 4 1 2 3 4 1 2 3 4 1 2 3 4 1 2 3 4 1 2 3 4 1 2 3 4 1 2 3 4 1 2 3 4 1 2 3 4 1 2 3 4 1 2 3 4 1 2 3 4 1 2 3 4 1 2 3 4 1 2 3 4 1 2 3 4 1 2 3 4 1 2 3 4 1 2 3 4 1 2 3 4 1 2 3 4 1 2 3 4 1 2 3 4 1 2 3 4 1 2 3 4 1 2 3 4 1 2 3 4 1 2 3 4 1 2 3 4 1 2 3 4 1 2 3 4 1 2 3 4 1 2 3 4 1 2 3 4 1 2 3 4 1 2 3 4 1 2 3 4 1 2 3 4 1 2 3 4 1 2 3 4 1 2 3 4 1 2 3 4 1 2 3 4 1 2 3 4 1 2 3 4 1 2 3 4 1 2 3 4 1 2 3 4 1 2 3 4 1 2 3 4 1 2 3 4 1 2 3 4 1 2 3 4 1 2 3 4 1 2 3 4 1 2 3 4 1 2 3 4 1 2 3 4 1 2 3 4 1 2 3 4 1 2 3 4 1 2 3 4 1 2 3 4 1 2 3 4 1 2 3 4 1 2 3 4 1 2 3 4 1 2 3 4 1 2 3 4 1 2 3 4 1 2 3 4 1 2 3 4 1 2 3 4 1 2 3 4 1 2 3 4 1 2 3 4 1 2 3 4 1 2 3 4 1 2 3 4 1 2 3 4 1 2 3 4 1 2 3 4 1 2 3 4 1 2 3 4 1 2 3 4 1 2 3 4 1 2 3 4 1 2 3 4 1 2 3 4 1 2 3 4 1 2 3 4 1 2 3 4 1 2 3 4 1 2 3 4 1 2 3 4 1 2 3 4 1 2 3 4 1 2 3 4 1 2 3 4 1 2 3 4 1 2 3 4 1 2 3 4 1 2 3 4 1 2 3 4 1 2 3 4 1 2 3 4 1 2 3 4 1 2 3 4 1 2 3 4 1 2 3 4 1 2 3 4 1 2 3 4 1 2 3 4 1 2 3 4 1 2 3 4 1 2 3 4 1 2 3 4 1 2 3 4 1 2 3 4 1 2 3 4 1 2 3 4 1 2 3 4 1 2 3 4 1 2 3 4 1 2 3 4 1 2 3 4 1 2 3 4 1 2 3 4 1 2 3 4 1 2 3 4 1 2 3 4 1 2 3 4 1 2 3 4 1 2 3 4 1 2 3 4 1 2 3 4 1 2 3 4 1 2 3 4 1 2 3 4 1 2 3 4 1 2 3 4 1 2 3 4 1 2 3 4 1 2 3 4 1 2 3 4 1 2 3 4 1 2 3 4 1 2 3 4 1 2 3 4 1 2 3 4 1 2 3 4 1 2 3 4 1 2 3 4 1 2 3 4 1 2 3 4 1 2 3 4 1 2 3 4 1 2 3 4 1 2 3 4 1 2 3 4 1 2 3 4 1 2 3 4 1 2 3 4 1 2 3 4 1 2 3 4 1 2 3 4 1 2 3 4 1 2 3 4 1 2 3 4 1 2 3 4 1 2 3 4 1 2 3 4 1 2 3 4 1 2 3 4 1 2 3 4 1 2 3 4 1 2 3 4 1 2 3 4 1 2 3 4 1 2 3 4 1 2 3 4 1 2 3 4 1 2 3 4 1 2 3 4 1 2 3 4 1 2 3 4 1 2 3 4 1 2 3 4 1 2 3 4 1 2 3 4 1 2 3 4 1 2 3 4 1 2 3 4 1 2 3 4 1 2 3 4 1 2 3 4 1 2 3 4 1 2 3 4 1 2 3 4 1 2 3 4 1 2 3 4 1 2 3 4 1 2 3 4 1 2 3 4 1 2 3 4 1 2 3 4 1 2 3 4 1 2 3 4 1 2 3 4 1 2 3 4 1 2 3 4 1 2 3 4 1 2 3 4 1 2 3 4 1 2 3 4 1 2 3 4 1 2 3 4 1 2 3 4 1 2 3 4 1 2 3 4 1 2 3 4 1 2 3 4 1 2 3 4 1 2 3 4 1 2 3 4 1 2 3 4 1 2 3 4 1 2 3 4 1 2 3 4 1 2 3 4 1 2 3 4 1 2 3 4 1 2 3 4 1 2 3 4 1 2 3 4 1 2 3 4 1 2 3 4 1 2 3 4 1 2 3 4 1 2 3 4 1 2 3 4 1 2 3 4 1 2 3 4 1 2 3 4 1 2 3 4 1 2 3 4 1 2 3 4 1 2 3 4 1 2 3 4 1 2 3 4 1 2 3 4 1 2 3 4 1 2 3 4 1 2 3 4 1 2 3 4 1 2 3 4 1 2 3 4 1 2 3 4 1 2 3 4 1 2 3 4 1 2 3 4 1 2 3 4 1 2 3 4 1 2 3 4 1 2 3 4 1 2 3 4 1 2 3 4 1 2 3 4 1 2 3 4 1 2 3 4 1 2 3 4 1 2 3 4 1 2 3 4 1 2 3 4 1 2 3 4 1 2 3 4 1 2 3 4 1 2 3 4 1 2 3 4 1 2 3 4 1 2 3 4 1 2 3 4 1 2 3 4 1 2 3 4 1 2 3 4 1 2 3 4 1 2 3 4 1 2 3 4 1 2 3 4 1 2 3 4 1 2 3 4 1 2 3 4 1 2 3 4 1 2 3 4 1 2 3 4 1 2 3 4 1 2 3 4 1 2 3 4 1 2 3 4 1 2 3 4 1 2 3 4 1 2 3 4 1 2 3 4 1 2 3 4 1 2 3 4 1 2 3 4 1 2 3 4 1 2 3 4 1 2 3 4 1 2 3 4 1 2 3 4 1 2 3 4 1 2 3 4 1 2 3 4 1 2 3 4 1 2 3 4 1 2 3 4 1 2 3 4 1 2 3 4 1 2 3 4 1 2 3 4 1 2 3 4 1 2 3 4 1 2 3 4
	   pgbox 0 0 1920140 1391600 3540 3240 1120 1120
	GND 8 PGPtL 1 2 3 4 1 2 3 4 1 2 3 4 1 2 3 4 1 2 3 4 1 2 3 4 1 2 3 4 1 2 3 4 1 2 3 4 1 2 3 4 1 2 3 4 1 2 3 4 1 2 3 4 1 2 3 4 1 2 3 4 1 2 3 4 1 2 3 4 1 2 3 4 1 2 3 4 1 2 3 4 1 2 3 4 1 2 3 4 1 2 3 4 1 2 3 4 1 2 3 4 1 2 3 4 1 2 3 4 1 2 3 4 1 2 3 4 1 2 3 4 1 2 3 4 1 2 3 4 1 2 3 4 1 2 3 4 1 2 3 4 1 2 3 4 1 2 3 4 1 2 3 4 1 2 3 4 1 2 3 4 1 2 3 4 1 2 3 4 1 2 3 4 1 2 3 4 1 2 3 4 1 2 3 4 1 2 3 4 1 2 3 4 1 2 3 4 1 2 3 4 1 2 3 4 1 2 3 4 1 2 3 4 1 2 3 4 1 2 3 4 1 2 3 4 1 2 3 4 1 2 3 4 1 2 3 4 1 2 3 4 1 2 3 4 1 2 3 4 1 2 3 4 1 2 3 4 1 2 3 4 1 2 3 4 1 2 3 4 1 2 3 4 1 2 3 4 1 2 3 4 1 2 3 4 1 2 3 4 1 2 3 4 1 2 3 4 1 2 3 4 1 2 3 4 1 2 3 4 1 2 3 4 1 2 3 4 1 2 3 4 1 2 3 4 1 2 3 4 1 2 3 4 1 2 3 4 1 2 3 4 1 2 3 4 1 2 3 4 1 2 3 4 1 2 3 4 1 2 3 4 1 2 3 4 1 2 3 4 1 2 3 4 1 2 3 4 1 2 3 4 1 2 3 4 1 2 3 4 1 2 3 4 1 2 3 4 1 2 3 4 1 2 3 4 1 2 3 4 1 2 3 4 1 2 3 4 1 2 3 4 1 2 3 4 1 2 3 4 1 2 3 4 1 2 3 4 1 2 3 4 1 2 3 4 1 2 3 4 1 2 3 4 1 2 3 4 1 2 3 4 1 2 3 4 1 2 3 4 1 2 3 4 1 2 3 4 1 2 3 4 1 2 3 4 1 2 3 4 1 2 3 4 1 2 3 4 1 2 3 4 1 2 3 4 1 2 3 4 1 2 3 4 1 2 3 4 1 2 3 4 1 2 3 4 1 2 3 4 1 2 3 4 1 2 3 4 1 2 3 4 1 2 3 4 1 2 3 4 1 2 3 4 1 2 3 4 1 2 3 4 1 2 3 4 1 2 3 4 1 2 3 4 1 2 3 4 1 2 3 4 1 2 3 4 1 2 3 4 1 2 3 4 1 2 3 4 1 2 3 4 1 2 3 4 1 2 3 4 1 2 3 4 1 2 3 4 1 2 3 4 1 2 3 4 1 2 3 4 1 2 3 4 1 2 3 4 1 2 3 4 1 2 3 4 1 2 3 4 1 2 3 4 1 2 3 4 1 2 3 4 1 2 3 4 1 2 3 4 1 2 3 4 1 2 3 4 1 2 3 4 1 2 3 4 1 2 3 4 1 2 3 4 1 2 3 4 1 2 3 4 1 2 3 4 1 2 3 4 1 2 3 4 1 2 3 4 1 2 3 4 1 2 3 4 1 2 3 4 1 2 3 4 1 2 3 4 1 2 3 4 1 2 3 4 1 2 3 4 1 2 3 4 1 2 3 4 1 2 3 4 1 2 3 4 1 2 3 4 1 2 3 4 1 2 3 4 1 2 3 4 1 2 3 4 1 2 3 4 1 2 3 4 1 2 3 4 1 2 3 4 1 2 3 4 1 2 3 4 1 2 3 4 1 2 3 4 1 2 3 4 1 2 3 4 1 2 3 4 1 2 3 4 1 2 3 4 1 2 3 4 1 2 3 4 1 2 3 4 1 2 3 4 1 2 3 4 1 2 3 4 1 2 3 4 1 2 3 4 1 2 3 4 1 2 3 4 1 2 3 4 1 2 3 4 1 2 3 4 1 2 3 4 1 2 3 4 1 2 3 4 1 2 3 4 1 2 3 4 1 2 3 4 1 2 3 4 1 2 3 4 1 2 3 4 1 2 3 4 1 2 3 4 1 2 3 4 1 2 3 4 1 2 3 4 1 2 3 4 1 2 3 4 1 2 3 4 1 2 3 4 1 2 3 4 1 2 3 4 1 2 3 4 1 2 3 4 1 2 3 4 1 2 3 4 1 2 3 4 1 2 3 4 1 2 3 4 1 2 3 4 1 2 3 4 1 2 3 4 1 2 3 4 1 2 3 4 1 2 3 4 1 2 3 4 1 2 3 4 1 2 3 4 1 2 3 4 1 2 3 4 1 2 3 4 1 2 3 4 1 2 3 4 1 2 3 4 1 2 3 4 1 2 3 4 1 2 3 4 1 2 3 4 1 2 3 4 1 2 3 4 1 2 3 4 1 2 3 4 1 2 3 4 1 2 3 4 1 2 3 4 1 2 3 4 1 2 3 4 1 2 3 4 1 2 3 4 1 2 3 4 1 2 3 4 1 2 3 4 1 2 3 4 1 2 3 4 1 2 3 4 1 2 3 4 1 2 3 4 1 2 3 4 1 2 3 4 1 2 3 4 1 2 3 4 1 2 3 4 1 2 3 4 1 2 3 4 1 2 3 4 1 2 3 4 1 2 3 4 1 2 3 4 1 2 3 4 1 2 3 4 1 2 3 4 1 2 3 4 1 2 3 4 1 2 3 4 1 2 3 4 1 2 3 4 1 2 3 4 1 2 3 4 1 2 3 4 1 2 3 4 1 2 3 4 1 2 3 4 1 2 3 4 1 2 3 4 1 2 3 4 1 2 3 4 1 2 3 4 1 2 3 4 1 2 3 4 1 2 3 4 1 2 3 4 1 2 3 4 1 2 3 4 1 2 3 4 1 2 3 4 1 2 3 4 1 2 3 4 1 2 3 4 1 2 3 4 1 2 3 4 1 2 3 4 1 2 3 4 1 2 3 4 1 2 3 4 1 2 3 4 1 2 3 4 1 2 3 4 1 2 3 4 1 2 3 4 1 2 3 4 1 2 3 4 1 2 3 4 1 2 3 4 1 2 3 4 1 2 3 4 1 2 3 4 1 2 3 4 1 2 3 4 1 2 3 4 1 2 3 4 1 2 3 4 1 2 3 4 1 2 3 4 1 2 3 4 1 2 3 4 1 2 3 4 1 2 3 4 1 2 3 4 1 2 3 4 1 2 3 4 1 2 3 4 1 2 3 4 1 2 3 4 1 2 3 4 1 2 3 4 1 2 3 4 1 2 3 4 1 2 3 4 1 2 3 4 1 2 3 4 1 2 3 4 1 2 3 4 1 2 3 4 1 2 3 4 1 2 3 4 1 2 3 4 1 2 3 4 1 2 3 4 1 2 3 4 1 2 3 4 1 2 3 4 1 2 3 4 1 2 3 4 1 2 3 4 1 2 3 4 1 2 3 4 1 2 3 4 1 2 3 4 1 2 3 4 1 2 3 4 1 2 3 4 1 2 3 4 1 2 3 4 1 2 3 4 1 2 3 4 1 2 3 4 1 2 3 4 1 2 3 4 1 2 3 4 1 2 3 4 1 2 3 4 1 2 3 4 1 2 3 4 1 2 3 4 1 2 3 4 1 2 3 4 1 2 3 4 1 2 3 4 1 2 3 4 1 2 3 4 1 2 3 4 1 2 3 4 1 2 3 4 1 2 3 4 1 2 3 4 1 2 3 4 1 2 3 4 1 2 3 4 1 2 3 4 1 2 3 4 1 2 3 4 1 2 3 4 1 2 3 4 1 2 3 4 1 2 3 4 1 2 3 4 1 2 3 4 1 2 3 4 1 2 3 4 1 2 3 4 1 2 3 4 1 2 3 4 1 2 3 4 1 2 3 4 1 2 3 4 1 2 3 4 1 2 3 4 1 2 3 4 1 2 3 4 1 2 3 4 1 2 3 4 1 2 3 4 1 2 3 4 1 2 3 4 1 2 3 4 1 2 3 4 1 2 3 4 1 2 3 4 1 2 3 4 1 2 3 4 1 2 3 4 1 2 3 4 1 2 3 4 1 2 3 4 1 2 3 4
	   pgbox 0 0 1920140 1391600 3540 3240 1120 1120
	END _inst_term_layer_
  _inst_term_layer_ 5 SRAM
	DO0 3 PGPtL 1 2 3 4
	DO1 3 PtL 1 2 3 4
	DO2 3 PtL 1 2 3 4
	DO3 3 PtL 1 2 3 4
	DO4 3 PtL 1 2 3 4
	DO5 3 PtL 1 2 3 4
	DO6 3 PtL 1 2 3 4
	DO7 3 PtL 1 2 3 4
	DO8 3 PtL 1 2 3 4
	DO9 3 PtL 1 2 3 4
	DO10 3 PtL 1 2 3 4
	DO11 3 PtL 1 2 3 4
	DO12 3 PtL 1 2 3 4
	DO13 3 PtL 1 2 3 4
	DO14 3 PtL 1 2 3 4
	DO15 3 PtL 1 2 3 4
	DO16 3 PtL 1 2 3 4
	DO17 3 PtL 1 2 3 4
	DO18 3 PtL 1 2 3 4
	DO19 3 PtL 1 2 3 4
	DO20 3 PtL 1 2 3 4
	DO21 3 PtL 1 2 3 4
	DO22 3 PtL 1 2 3 4
	DO23 3 PtL 1 2 3 4
	DO24 3 PtL 1 2 3 4
	DO25 3 PtL 1 2 3 4
	DO26 3 PtL 1 2 3 4
	DO27 3 PtL 1 2 3 4
	DO28 3 PtL 1 2 3 4
	DO29 3 PtL 1 2 3 4
	DO30 3 PtL 1 2 3 4
	DO31 3 PtL 1 2 3 4
	A0 4 PtL 1 2 3 4
	A1 4 PtL 1 2 3 4
	A2 4 PtL 1 2 3 4
	A3 4 PtL 1 2 3 4
	A4 4 PtL 1 2 3 4
	A5 4 PtL 1 2 3 4
	A6 4 PtL 1 2 3 4
	A7 4 PtL 1 2 3 4
	A8 4 PtL 1 2 3 4
	A9 4 PtL 1 2 3 4
	A10 4 PtL 1 2 3 4
	A11 4 PtL 1 2 3 4
	A12 4 PtL 1 2 3 4
	A13 4 PtL 1 2 3 4
	DI0 4 PtL 1 2 3 4
	DI1 4 PtL 1 2 3 4
	DI2 4 PtL 1 2 3 4
	DI3 4 PtL 1 2 3 4
	DI4 4 PtL 1 2 3 4
	DI5 4 PtL 1 2 3 4
	DI6 4 PtL 1 2 3 4
	DI7 4 PtL 1 2 3 4
	DI8 4 PtL 1 2 3 4
	DI9 4 PtL 1 2 3 4
	DI10 4 PtL 1 2 3 4
	DI11 4 PtL 1 2 3 4
	DI12 4 PtL 1 2 3 4
	DI13 4 PtL 1 2 3 4
	DI14 4 PtL 1 2 3 4
	DI15 4 PtL 1 2 3 4
	DI16 4 PtL 1 2 3 4
	DI17 4 PtL 1 2 3 4
	DI18 4 PtL 1 2 3 4
	DI19 4 PtL 1 2 3 4
	DI20 4 PtL 1 2 3 4
	DI21 4 PtL 1 2 3 4
	DI22 4 PtL 1 2 3 4
	DI23 4 PtL 1 2 3 4
	DI24 4 PtL 1 2 3 4
	DI25 4 PtL 1 2 3 4
	DI26 4 PtL 1 2 3 4
	DI27 4 PtL 1 2 3 4
	DI28 4 PtL 1 2 3 4
	DI29 4 PtL 1 2 3 4
	DI30 4 PtL 1 2 3 4
	DI31 4 PtL 1 2 3 4
	WEB0 4 PtL 1 2 3 4
	WEB1 4 PtL 1 2 3 4
	WEB2 4 PtL 1 2 3 4
	WEB3 4 PtL 1 2 3 4
	CS 4 PtL 1 2 3 4
	OE 0 PtL 1 2 3 4
	CK 1 PtL 1 2 3 4
	VCC 7 PGPtL 1 2 3 4 1 2 3 4 1 2 3 4 1 2 3 4 1 2 3 4 1 2 3 4 1 2 3 4 1 2 3 4 1 2 3 4 1 2 3 4 1 2 3 4 1 2 3 4 1 2 3 4 1 2 3 4 1 2 3 4 1 2 3 4 1 2 3 4 1 2 3 4 1 2 3 4 1 2 3 4 1 2 3 4 1 2 3 4 1 2 3 4 1 2 3 4 1 2 3 4 1 2 3 4 1 2 3 4 1 2 3 4 1 2 3 4 1 2 3 4 1 2 3 4 1 2 3 4 1 2 3 4 1 2 3 4 1 2 3 4 1 2 3 4 1 2 3 4 1 2 3 4 1 2 3 4 1 2 3 4 1 2 3 4 1 2 3 4 1 2 3 4 1 2 3 4 1 2 3 4 1 2 3 4 1 2 3 4 1 2 3 4 1 2 3 4 1 2 3 4 1 2 3 4 1 2 3 4 1 2 3 4 1 2 3 4 1 2 3 4 1 2 3 4 1 2 3 4 1 2 3 4 1 2 3 4 1 2 3 4 1 2 3 4 1 2 3 4 1 2 3 4 1 2 3 4 1 2 3 4 1 2 3 4 1 2 3 4 1 2 3 4 1 2 3 4 1 2 3 4 1 2 3 4 1 2 3 4 1 2 3 4 1 2 3 4 1 2 3 4 1 2 3 4 1 2 3 4 1 2 3 4 1 2 3 4 1 2 3 4 1 2 3 4 1 2 3 4 1 2 3 4 1 2 3 4 1 2 3 4 1 2 3 4 1 2 3 4 1 2 3 4 1 2 3 4 1 2 3 4 1 2 3 4 1 2 3 4 1 2 3 4 1 2 3 4 1 2 3 4 1 2 3 4 1 2 3 4 1 2 3 4 1 2 3 4 1 2 3 4 1 2 3 4 1 2 3 4 1 2 3 4 1 2 3 4 1 2 3 4 1 2 3 4 1 2 3 4 1 2 3 4 1 2 3 4 1 2 3 4 1 2 3 4 1 2 3 4 1 2 3 4 1 2 3 4 1 2 3 4 1 2 3 4 1 2 3 4 1 2 3 4 1 2 3 4 1 2 3 4 1 2 3 4 1 2 3 4 1 2 3 4 1 2 3 4 1 2 3 4 1 2 3 4 1 2 3 4 1 2 3 4 1 2 3 4 1 2 3 4 1 2 3 4 1 2 3 4 1 2 3 4 1 2 3 4 1 2 3 4 1 2 3 4 1 2 3 4 1 2 3 4 1 2 3 4 1 2 3 4 1 2 3 4 1 2 3 4 1 2 3 4 1 2 3 4 1 2 3 4 1 2 3 4 1 2 3 4 1 2 3 4 1 2 3 4 1 2 3 4 1 2 3 4 1 2 3 4 1 2 3 4 1 2 3 4 1 2 3 4 1 2 3 4 1 2 3 4 1 2 3 4 1 2 3 4 1 2 3 4 1 2 3 4 1 2 3 4 1 2 3 4 1 2 3 4 1 2 3 4 1 2 3 4 1 2 3 4 1 2 3 4 1 2 3 4 1 2 3 4 1 2 3 4 1 2 3 4 1 2 3 4 1 2 3 4 1 2 3 4 1 2 3 4 1 2 3 4 1 2 3 4 1 2 3 4 1 2 3 4 1 2 3 4 1 2 3 4 1 2 3 4 1 2 3 4 1 2 3 4 1 2 3 4 1 2 3 4 1 2 3 4 1 2 3 4 1 2 3 4 1 2 3 4 1 2 3 4 1 2 3 4 1 2 3 4 1 2 3 4 1 2 3 4 1 2 3 4 1 2 3 4 1 2 3 4 1 2 3 4 1 2 3 4 1 2 3 4 1 2 3 4 1 2 3 4 1 2 3 4 1 2 3 4 1 2 3 4 1 2 3 4 1 2 3 4 1 2 3 4 1 2 3 4 1 2 3 4 1 2 3 4 1 2 3 4 1 2 3 4 1 2 3 4 1 2 3 4 1 2 3 4 1 2 3 4 1 2 3 4 1 2 3 4 1 2 3 4 1 2 3 4 1 2 3 4 1 2 3 4 1 2 3 4 1 2 3 4 1 2 3 4 1 2 3 4 1 2 3 4 1 2 3 4 1 2 3 4 1 2 3 4 1 2 3 4 1 2 3 4 1 2 3 4 1 2 3 4 1 2 3 4 1 2 3 4 1 2 3 4 1 2 3 4 1 2 3 4 1 2 3 4 1 2 3 4 1 2 3 4 1 2 3 4 1 2 3 4 1 2 3 4 1 2 3 4 1 2 3 4 1 2 3 4 1 2 3 4 1 2 3 4 1 2 3 4 1 2 3 4 1 2 3 4 1 2 3 4 1 2 3 4 1 2 3 4 1 2 3 4 1 2 3 4 1 2 3 4 1 2 3 4 1 2 3 4 1 2 3 4 1 2 3 4 1 2 3 4 1 2 3 4 1 2 3 4 1 2 3 4 1 2 3 4 1 2 3 4 1 2 3 4 1 2 3 4 1 2 3 4 1 2 3 4 1 2 3 4 1 2 3 4 1 2 3 4 1 2 3 4 1 2 3 4 1 2 3 4 1 2 3 4 1 2 3 4 1 2 3 4 1 2 3 4 1 2 3 4 1 2 3 4 1 2 3 4 1 2 3 4 1 2 3 4 1 2 3 4 1 2 3 4 1 2 3 4 1 2 3 4 1 2 3 4 1 2 3 4 1 2 3 4 1 2 3 4 1 2 3 4 1 2 3 4 1 2 3 4 1 2 3 4 1 2 3 4 1 2 3 4 1 2 3 4 1 2 3 4 1 2 3 4 1 2 3 4 1 2 3 4 1 2 3 4 1 2 3 4 1 2 3 4 1 2 3 4 1 2 3 4 1 2 3 4 1 2 3 4 1 2 3 4 1 2 3 4 1 2 3 4 1 2 3 4 1 2 3 4 1 2 3 4 1 2 3 4 1 2 3 4 1 2 3 4 1 2 3 4 1 2 3 4 1 2 3 4 1 2 3 4 1 2 3 4 1 2 3 4 1 2 3 4 1 2 3 4 1 2 3 4 1 2 3 4 1 2 3 4 1 2 3 4 1 2 3 4 1 2 3 4 1 2 3 4 1 2 3 4 1 2 3 4 1 2 3 4 1 2 3 4 1 2 3 4 1 2 3 4 1 2 3 4 1 2 3 4 1 2 3 4 1 2 3 4 1 2 3 4 1 2 3 4 1 2 3 4 1 2 3 4 1 2 3 4 1 2 3 4 1 2 3 4 1 2 3 4 1 2 3 4 1 2 3 4 1 2 3 4 1 2 3 4 1 2 3 4 1 2 3 4 1 2 3 4 1 2 3 4 1 2 3 4 1 2 3 4 1 2 3 4 1 2 3 4 1 2 3 4 1 2 3 4 1 2 3 4 1 2 3 4 1 2 3 4 1 2 3 4 1 2 3 4 1 2 3 4 1 2 3 4 1 2 3 4 1 2 3 4 1 2 3 4 1 2 3 4 1 2 3 4 1 2 3 4 1 2 3 4 1 2 3 4 1 2 3 4 1 2 3 4 1 2 3 4 1 2 3 4 1 2 3 4 1 2 3 4 1 2 3 4 1 2 3 4 1 2 3 4 1 2 3 4 1 2 3 4 1 2 3 4 1 2 3 4 1 2 3 4 1 2 3 4 1 2 3 4 1 2 3 4 1 2 3 4 1 2 3 4 1 2 3 4 1 2 3 4 1 2 3 4 1 2 3 4 1 2 3 4 1 2 3 4 1 2 3 4 1 2 3 4 1 2 3 4 1 2 3 4 1 2 3 4 1 2 3 4 1 2 3 4 1 2 3 4 1 2 3 4 1 2 3 4 1 2 3 4 1 2 3 4 1 2 3 4 1 2 3 4 1 2 3 4 1 2 3 4 1 2 3 4 1 2 3 4 1 2 3 4 1 2 3 4 1 2 3 4 1 2 3 4 1 2 3 4 1 2 3 4 1 2 3 4 1 2 3 4 1 2 3 4 1 2 3 4 1 2 3 4 1 2 3 4 1 2 3 4 1 2 3 4 1 2 3 4 1 2 3 4 1 2 3 4 1 2 3 4 1 2 3 4 1 2 3 4 1 2 3 4 1 2 3 4 1 2 3 4 1 2 3 4 1 2 3 4 1 2 3 4
	   pgbox 0 0 1920140 1391600 3540 3240 1120 1120
	GND 8 PGPtL 1 2 3 4 1 2 3 4 1 2 3 4 1 2 3 4 1 2 3 4 1 2 3 4 1 2 3 4 1 2 3 4 1 2 3 4 1 2 3 4 1 2 3 4 1 2 3 4 1 2 3 4 1 2 3 4 1 2 3 4 1 2 3 4 1 2 3 4 1 2 3 4 1 2 3 4 1 2 3 4 1 2 3 4 1 2 3 4 1 2 3 4 1 2 3 4 1 2 3 4 1 2 3 4 1 2 3 4 1 2 3 4 1 2 3 4 1 2 3 4 1 2 3 4 1 2 3 4 1 2 3 4 1 2 3 4 1 2 3 4 1 2 3 4 1 2 3 4 1 2 3 4 1 2 3 4 1 2 3 4 1 2 3 4 1 2 3 4 1 2 3 4 1 2 3 4 1 2 3 4 1 2 3 4 1 2 3 4 1 2 3 4 1 2 3 4 1 2 3 4 1 2 3 4 1 2 3 4 1 2 3 4 1 2 3 4 1 2 3 4 1 2 3 4 1 2 3 4 1 2 3 4 1 2 3 4 1 2 3 4 1 2 3 4 1 2 3 4 1 2 3 4 1 2 3 4 1 2 3 4 1 2 3 4 1 2 3 4 1 2 3 4 1 2 3 4 1 2 3 4 1 2 3 4 1 2 3 4 1 2 3 4 1 2 3 4 1 2 3 4 1 2 3 4 1 2 3 4 1 2 3 4 1 2 3 4 1 2 3 4 1 2 3 4 1 2 3 4 1 2 3 4 1 2 3 4 1 2 3 4 1 2 3 4 1 2 3 4 1 2 3 4 1 2 3 4 1 2 3 4 1 2 3 4 1 2 3 4 1 2 3 4 1 2 3 4 1 2 3 4 1 2 3 4 1 2 3 4 1 2 3 4 1 2 3 4 1 2 3 4 1 2 3 4 1 2 3 4 1 2 3 4 1 2 3 4 1 2 3 4 1 2 3 4 1 2 3 4 1 2 3 4 1 2 3 4 1 2 3 4 1 2 3 4 1 2 3 4 1 2 3 4 1 2 3 4 1 2 3 4 1 2 3 4 1 2 3 4 1 2 3 4 1 2 3 4 1 2 3 4 1 2 3 4 1 2 3 4 1 2 3 4 1 2 3 4 1 2 3 4 1 2 3 4 1 2 3 4 1 2 3 4 1 2 3 4 1 2 3 4 1 2 3 4 1 2 3 4 1 2 3 4 1 2 3 4 1 2 3 4 1 2 3 4 1 2 3 4 1 2 3 4 1 2 3 4 1 2 3 4 1 2 3 4 1 2 3 4 1 2 3 4 1 2 3 4 1 2 3 4 1 2 3 4 1 2 3 4 1 2 3 4 1 2 3 4 1 2 3 4 1 2 3 4 1 2 3 4 1 2 3 4 1 2 3 4 1 2 3 4 1 2 3 4 1 2 3 4 1 2 3 4 1 2 3 4 1 2 3 4 1 2 3 4 1 2 3 4 1 2 3 4 1 2 3 4 1 2 3 4 1 2 3 4 1 2 3 4 1 2 3 4 1 2 3 4 1 2 3 4 1 2 3 4 1 2 3 4 1 2 3 4 1 2 3 4 1 2 3 4 1 2 3 4 1 2 3 4 1 2 3 4 1 2 3 4 1 2 3 4 1 2 3 4 1 2 3 4 1 2 3 4 1 2 3 4 1 2 3 4 1 2 3 4 1 2 3 4 1 2 3 4 1 2 3 4 1 2 3 4 1 2 3 4 1 2 3 4 1 2 3 4 1 2 3 4 1 2 3 4 1 2 3 4 1 2 3 4 1 2 3 4 1 2 3 4 1 2 3 4 1 2 3 4 1 2 3 4 1 2 3 4 1 2 3 4 1 2 3 4 1 2 3 4 1 2 3 4 1 2 3 4 1 2 3 4 1 2 3 4 1 2 3 4 1 2 3 4 1 2 3 4 1 2 3 4 1 2 3 4 1 2 3 4 1 2 3 4 1 2 3 4 1 2 3 4 1 2 3 4 1 2 3 4 1 2 3 4 1 2 3 4 1 2 3 4 1 2 3 4 1 2 3 4 1 2 3 4 1 2 3 4 1 2 3 4 1 2 3 4 1 2 3 4 1 2 3 4 1 2 3 4 1 2 3 4 1 2 3 4 1 2 3 4 1 2 3 4 1 2 3 4 1 2 3 4 1 2 3 4 1 2 3 4 1 2 3 4 1 2 3 4 1 2 3 4 1 2 3 4 1 2 3 4 1 2 3 4 1 2 3 4 1 2 3 4 1 2 3 4 1 2 3 4 1 2 3 4 1 2 3 4 1 2 3 4 1 2 3 4 1 2 3 4 1 2 3 4 1 2 3 4 1 2 3 4 1 2 3 4 1 2 3 4 1 2 3 4 1 2 3 4 1 2 3 4 1 2 3 4 1 2 3 4 1 2 3 4 1 2 3 4 1 2 3 4 1 2 3 4 1 2 3 4 1 2 3 4 1 2 3 4 1 2 3 4 1 2 3 4 1 2 3 4 1 2 3 4 1 2 3 4 1 2 3 4 1 2 3 4 1 2 3 4 1 2 3 4 1 2 3 4 1 2 3 4 1 2 3 4 1 2 3 4 1 2 3 4 1 2 3 4 1 2 3 4 1 2 3 4 1 2 3 4 1 2 3 4 1 2 3 4 1 2 3 4 1 2 3 4 1 2 3 4 1 2 3 4 1 2 3 4 1 2 3 4 1 2 3 4 1 2 3 4 1 2 3 4 1 2 3 4 1 2 3 4 1 2 3 4 1 2 3 4 1 2 3 4 1 2 3 4 1 2 3 4 1 2 3 4 1 2 3 4 1 2 3 4 1 2 3 4 1 2 3 4 1 2 3 4 1 2 3 4 1 2 3 4 1 2 3 4 1 2 3 4 1 2 3 4 1 2 3 4 1 2 3 4 1 2 3 4 1 2 3 4 1 2 3 4 1 2 3 4 1 2 3 4 1 2 3 4 1 2 3 4 1 2 3 4 1 2 3 4 1 2 3 4 1 2 3 4 1 2 3 4 1 2 3 4 1 2 3 4 1 2 3 4 1 2 3 4 1 2 3 4 1 2 3 4 1 2 3 4 1 2 3 4 1 2 3 4 1 2 3 4 1 2 3 4 1 2 3 4 1 2 3 4 1 2 3 4 1 2 3 4 1 2 3 4 1 2 3 4 1 2 3 4 1 2 3 4 1 2 3 4 1 2 3 4 1 2 3 4 1 2 3 4 1 2 3 4 1 2 3 4 1 2 3 4 1 2 3 4 1 2 3 4 1 2 3 4 1 2 3 4 1 2 3 4 1 2 3 4 1 2 3 4 1 2 3 4 1 2 3 4 1 2 3 4 1 2 3 4 1 2 3 4 1 2 3 4 1 2 3 4 1 2 3 4 1 2 3 4 1 2 3 4 1 2 3 4 1 2 3 4 1 2 3 4 1 2 3 4 1 2 3 4 1 2 3 4 1 2 3 4 1 2 3 4 1 2 3 4 1 2 3 4 1 2 3 4 1 2 3 4 1 2 3 4 1 2 3 4 1 2 3 4 1 2 3 4 1 2 3 4 1 2 3 4 1 2 3 4 1 2 3 4 1 2 3 4 1 2 3 4 1 2 3 4 1 2 3 4 1 2 3 4 1 2 3 4 1 2 3 4 1 2 3 4 1 2 3 4 1 2 3 4 1 2 3 4 1 2 3 4 1 2 3 4 1 2 3 4 1 2 3 4 1 2 3 4 1 2 3 4 1 2 3 4 1 2 3 4 1 2 3 4 1 2 3 4 1 2 3 4 1 2 3 4 1 2 3 4 1 2 3 4 1 2 3 4 1 2 3 4 1 2 3 4 1 2 3 4 1 2 3 4 1 2 3 4 1 2 3 4 1 2 3 4 1 2 3 4 1 2 3 4 1 2 3 4 1 2 3 4 1 2 3 4 1 2 3 4 1 2 3 4 1 2 3 4 1 2 3 4 1 2 3 4 1 2 3 4 1 2 3 4 1 2 3 4 1 2 3 4 1 2 3 4 1 2 3 4 1 2 3 4 1 2 3 4 1 2 3 4 1 2 3 4 1 2 3 4 1 2 3 4 1 2 3 4 1 2 3 4 1 2 3 4
	   pgbox 0 0 1920140 1391600 3540 3240 1120 1120
	END _inst_term_layer_
1000
